1.015799999999999983e+02
1.042500000000000000e+02
1.069099999999999966e+02
1.095699999999999932e+02
1.122300000000000040e+02
1.148900000000000006e+02
1.175499999999999972e+02
1.202000000000000028e+02
1.228599999999999994e+02
1.255100000000000051e+02
1.281599999999999966e+02
1.308000000000000114e+02
1.334499999999999886e+02
1.360900000000000034e+02
1.387400000000000091e+02
1.413799999999999955e+02
1.440200000000000102e+02
1.466500000000000057e+02
1.492899999999999920e+02
1.519199999999999875e+02
1.545600000000000023e+02
1.571899999999999977e+02
1.598199999999999932e+02
1.624399999999999977e+02
1.650699999999999932e+02
1.676899999999999977e+02
1.703100000000000023e+02
1.729399999999999977e+02
1.755500000000000114e+02
1.781699999999999875e+02
1.807899999999999920e+02
1.834000000000000057e+02
1.860099999999999909e+02
1.886200000000000045e+02
1.912299999999999898e+02
1.938400000000000034e+02
1.964399999999999977e+02
1.990500000000000114e+02
2.016500000000000057e+02
2.042500000000000000e+02
2.068499999999999943e+02
2.094499999999999886e+02
2.120399999999999920e+02
2.146299999999999955e+02
2.172299999999999898e+02
2.198199999999999932e+02
2.224000000000000057e+02
2.249900000000000091e+02
2.275800000000000125e+02
2.301599999999999966e+02
2.327400000000000091e+02
2.353199999999999932e+02
2.379000000000000057e+02
2.404799999999999898e+02
2.430500000000000114e+02
2.456299999999999955e+02
2.481999999999999886e+02
2.507700000000000102e+02
2.533400000000000034e+02
2.559099999999999966e+02
2.584700000000000273e+02
2.610400000000000205e+02
2.636000000000000227e+02
2.661600000000000250e+02
2.687200000000000273e+02
2.712699999999999818e+02
2.738299999999999841e+02
2.763799999999999955e+02
2.789399999999999977e+02
2.814900000000000091e+02
2.840400000000000205e+02
2.865799999999999841e+02
2.891299999999999955e+02
2.916700000000000159e+02
2.942200000000000273e+02
2.967599999999999909e+02
2.993000000000000114e+02
3.018299999999999841e+02
3.043700000000000045e+02
3.069100000000000250e+02
3.094399999999999977e+02
3.119700000000000273e+02
3.145000000000000000e+02
3.170299999999999727e+02
3.195500000000000114e+02
3.220799999999999841e+02
3.246000000000000227e+02
3.271200000000000045e+02
3.296399999999999864e+02
3.321600000000000250e+02
3.346800000000000068e+02
3.371899999999999977e+02
3.397099999999999795e+02
3.422200000000000273e+02
3.447300000000000182e+02
3.472400000000000091e+02
3.497500000000000000e+02
3.522500000000000000e+02
3.547599999999999909e+02
3.572599999999999909e+02
3.597599999999999909e+02
3.622599999999999909e+02
3.647599999999999909e+02
3.672500000000000000e+02
3.697500000000000000e+02
3.722400000000000091e+02
3.747300000000000182e+02
3.772200000000000273e+02
3.797099999999999795e+02
3.821999999999999886e+02
3.846800000000000068e+02
3.871600000000000250e+02
3.896499999999999773e+02
3.921299999999999955e+02
3.946100000000000136e+02
3.970799999999999841e+02
3.995600000000000023e+02
4.020299999999999727e+02
4.045000000000000000e+02
4.069800000000000182e+02
4.094399999999999977e+02
4.119100000000000250e+02
4.143799999999999955e+02
4.168399999999999750e+02
4.193100000000000023e+02
4.217699999999999818e+02
4.242300000000000182e+02
4.266899999999999977e+02
4.291399999999999864e+02
4.316000000000000227e+02
4.340500000000000114e+02
4.365000000000000000e+02
4.389599999999999795e+02
4.413999999999999773e+02
4.438500000000000227e+02
4.463000000000000114e+02
4.487400000000000091e+02
4.511899999999999977e+02
4.536299999999999955e+02
4.560699999999999932e+02
4.585099999999999909e+02
4.609399999999999977e+02
4.633799999999999955e+02
4.658100000000000023e+02
4.682400000000000091e+02
4.706700000000000159e+02
4.731000000000000227e+02
4.755299999999999727e+02
4.779599999999999795e+02
4.803799999999999955e+02
4.828100000000000023e+02
4.852300000000000182e+02
4.876499999999999773e+02
4.900699999999999932e+02
4.924800000000000182e+02
4.948999999999999773e+02
4.973100000000000023e+02
4.997200000000000273e+02
5.021299999999999955e+02
5.045400000000000205e+02
5.069499999999999886e+02
5.093600000000000136e+02
5.117599999999999909e+02
5.141699999999999591e+02
5.165700000000000500e+02
5.189700000000000273e+02
5.213700000000000045e+02
5.237699999999999818e+02
5.261599999999999682e+02
5.285599999999999454e+02
5.309500000000000455e+02
5.333400000000000318e+02
5.357300000000000182e+02
5.381200000000000045e+02
5.405000000000000000e+02
5.428899999999999864e+02
5.452699999999999818e+02
5.476599999999999682e+02
5.500399999999999636e+02
5.524199999999999591e+02
5.547899999999999636e+02
5.571699999999999591e+02
5.595499999999999545e+02
5.619199999999999591e+02
5.642899999999999636e+02
5.666599999999999682e+02
5.690299999999999727e+02
5.713999999999999773e+02
5.737599999999999909e+02
5.761299999999999955e+02
5.784900000000000091e+02
5.808500000000000227e+02
5.832100000000000364e+02
5.855700000000000500e+02
5.879299999999999500e+02
5.902899999999999636e+02
5.926399999999999864e+02
5.949900000000000091e+02
5.973400000000000318e+02
5.996900000000000546e+02
6.020399999999999636e+02
6.043899999999999864e+02
6.067300000000000182e+02
6.090800000000000409e+02
6.114199999999999591e+02
6.137599999999999909e+02
6.161000000000000227e+02
6.184400000000000546e+02
6.207799999999999727e+02
6.231100000000000136e+02
6.254500000000000455e+02
6.277799999999999727e+02
6.301100000000000136e+02
6.324400000000000546e+02
6.347699999999999818e+02
6.370900000000000318e+02
6.394199999999999591e+02
6.417400000000000091e+02
6.440599999999999454e+02
6.463799999999999955e+02
6.487000000000000455e+02
6.510199999999999818e+02
6.533400000000000318e+02
6.556499999999999773e+02
6.579700000000000273e+02
6.602799999999999727e+02
6.625900000000000318e+02
6.648999999999999773e+02
6.672100000000000364e+02
6.695099999999999909e+02
6.718200000000000500e+02
6.741200000000000045e+02
6.764199999999999591e+02
6.787300000000000182e+02
6.810299999999999727e+02
6.833200000000000500e+02
6.856200000000000045e+02
6.879099999999999682e+02
6.902100000000000364e+02
6.925000000000000000e+02
6.947899999999999636e+02
6.970800000000000409e+02
6.993700000000000045e+02
7.016599999999999682e+02
7.039400000000000546e+02
7.062200000000000273e+02
7.085099999999999909e+02
7.107899999999999636e+02
7.130700000000000500e+02
7.153500000000000227e+02
7.176200000000000045e+02
7.198999999999999773e+02
7.221699999999999591e+02
7.244400000000000546e+02
7.267100000000000364e+02
7.289800000000000182e+02
7.312500000000000000e+02
7.335199999999999818e+02
7.357899999999999636e+02
7.380499999999999545e+02
7.403099999999999454e+02
7.425700000000000500e+02
7.448300000000000409e+02
7.470900000000000318e+02
7.493500000000000227e+02
7.516000000000000227e+02
7.538600000000000136e+02
7.561100000000000136e+02
7.583600000000000136e+02
7.606100000000000136e+02
7.628600000000000136e+02
7.651100000000000136e+02
7.673600000000000136e+02
7.696000000000000227e+02
7.718400000000000318e+02
7.740900000000000318e+02
7.763300000000000409e+02
7.785700000000000500e+02
7.807999999999999545e+02
7.830399999999999636e+02
7.852799999999999727e+02
7.875099999999999909e+02
7.897400000000000091e+02
7.919700000000000273e+02
7.942000000000000455e+02
7.964299999999999500e+02
7.986599999999999682e+02
8.008799999999999955e+02
8.031100000000000136e+02
8.053300000000000409e+02
8.075499999999999545e+02
8.097699999999999818e+02
8.119900000000000091e+02
8.142100000000000364e+02
8.164199999999999591e+02
8.186399999999999864e+02
8.208500000000000227e+02
8.230599999999999454e+02
8.252699999999999818e+02
8.274800000000000182e+02
8.296900000000000546e+02
8.318999999999999773e+02
8.341000000000000227e+02
8.362999999999999545e+02
8.385099999999999909e+02
8.407100000000000364e+02
8.429099999999999682e+02
8.451100000000000136e+02
8.472999999999999545e+02
8.495000000000000000e+02
8.516900000000000546e+02
8.538899999999999864e+02
8.560800000000000409e+02
8.582699999999999818e+02
8.604600000000000364e+02
8.626499999999999773e+02
8.648300000000000409e+02
8.670199999999999818e+02
8.692000000000000455e+02
8.713799999999999955e+02
8.735599999999999454e+02
8.757400000000000091e+02
8.779199999999999591e+02
8.801000000000000227e+02
8.822699999999999818e+02
8.844500000000000455e+02
8.866200000000000045e+02
8.887899999999999636e+02
8.909600000000000364e+02
8.931299999999999955e+02
8.952999999999999545e+02
8.974700000000000273e+02
8.996299999999999955e+02
9.017999999999999545e+02
9.039600000000000364e+02
9.061200000000000045e+02
9.082799999999999727e+02
9.104400000000000546e+02
9.126000000000000227e+02
9.147500000000000000e+02
9.169099999999999682e+02
9.190599999999999454e+02
9.212100000000000364e+02
9.233600000000000136e+02
9.255099999999999909e+02
9.276599999999999682e+02
9.298099999999999454e+02
9.319500000000000455e+02
9.341000000000000227e+02
9.362400000000000091e+02
9.383799999999999955e+02
9.405199999999999818e+02
9.426599999999999682e+02
9.447999999999999545e+02
9.469400000000000546e+02
9.490700000000000500e+02
9.512000000000000455e+02
9.533400000000000318e+02
9.554700000000000273e+02
9.576000000000000227e+02
9.597300000000000182e+02
9.618500000000000227e+02
9.639800000000000182e+02
9.661000000000000227e+02
9.682300000000000182e+02
9.703500000000000227e+02
9.724700000000000273e+02
9.745900000000000318e+02
9.767100000000000364e+02
9.788300000000000409e+02
9.809400000000000546e+02
9.830599999999999454e+02
9.851699999999999591e+02
9.872799999999999727e+02
9.893899999999999864e+02
9.915000000000000000e+02
9.936100000000000136e+02
9.957200000000000273e+02
9.978200000000000500e+02
9.999299999999999500e+02
1.002029999999999973e+03
1.004129999999999995e+03
1.006230000000000018e+03
1.008330000000000041e+03
1.010429999999999950e+03
1.012529999999999973e+03
1.014620000000000005e+03
1.016720000000000027e+03
1.018809999999999945e+03
1.020899999999999977e+03
1.022990000000000009e+03
1.025079999999999927e+03
1.027170000000000073e+03
1.029259999999999991e+03
1.031339999999999918e+03
1.033430000000000064e+03
1.035509999999999991e+03
1.037589999999999918e+03
1.039670000000000073e+03
1.041750000000000000e+03
1.043829999999999927e+03
1.045900000000000091e+03
1.047980000000000018e+03
1.050049999999999955e+03
1.052130000000000109e+03
1.054200000000000045e+03
1.056269999999999982e+03
1.058339999999999918e+03
1.060410000000000082e+03
1.062470000000000027e+03
1.064539999999999964e+03
1.066599999999999909e+03
1.068660000000000082e+03
1.070730000000000018e+03
1.072789999999999964e+03
1.074849999999999909e+03
1.076900000000000091e+03
1.078960000000000036e+03
1.081019999999999982e+03
1.083069999999999936e+03
1.085119999999999891e+03
1.087180000000000064e+03
1.089230000000000018e+03
1.091279999999999973e+03
1.093319999999999936e+03
1.095369999999999891e+03
1.097420000000000073e+03
1.099460000000000036e+03
1.101500000000000000e+03
1.103549999999999955e+03
1.105589999999999918e+03
1.107630000000000109e+03
1.109670000000000073e+03
1.111700000000000045e+03
1.113740000000000009e+03
1.115769999999999982e+03
1.117809999999999945e+03
1.119839999999999918e+03
1.121869999999999891e+03
1.123900000000000091e+03
1.125930000000000064e+03
1.127960000000000036e+03
1.129980000000000018e+03
1.132009999999999991e+03
1.134029999999999973e+03
1.136049999999999955e+03
1.138069999999999936e+03
1.140099999999999909e+03
1.142109999999999900e+03
1.144130000000000109e+03
1.146150000000000091e+03
1.148160000000000082e+03
1.150180000000000064e+03
1.152190000000000055e+03
1.154200000000000045e+03
1.156210000000000036e+03
1.158220000000000027e+03
1.160230000000000018e+03
1.162240000000000009e+03
1.164240000000000009e+03
1.166250000000000000e+03
1.168250000000000000e+03
1.170250000000000000e+03
1.172250000000000000e+03
1.174250000000000000e+03
1.176250000000000000e+03
1.178250000000000000e+03
1.180250000000000000e+03
1.182240000000000009e+03
1.184240000000000009e+03
1.186230000000000018e+03
1.188220000000000027e+03
1.190210000000000036e+03
1.192200000000000045e+03
1.194190000000000055e+03
1.196170000000000073e+03
1.198160000000000082e+03
1.200140000000000100e+03
1.202130000000000109e+03
1.204109999999999900e+03
1.206089999999999918e+03
1.208069999999999936e+03
1.210049999999999955e+03
1.212029999999999973e+03
1.214000000000000000e+03
1.215980000000000018e+03
1.217950000000000045e+03
1.219920000000000073e+03
1.221890000000000100e+03
1.223869999999999891e+03
1.225829999999999927e+03
1.227799999999999955e+03
1.229769999999999982e+03
1.231730000000000018e+03
1.233700000000000045e+03
1.235660000000000082e+03
1.237619999999999891e+03
1.239589999999999918e+03
1.241549999999999955e+03
1.243500000000000000e+03
1.245460000000000036e+03
1.247420000000000073e+03
1.249369999999999891e+03
1.251329999999999927e+03
1.253279999999999973e+03
1.255230000000000018e+03
1.257180000000000064e+03
1.259130000000000109e+03
1.261079999999999927e+03
1.263029999999999973e+03
1.264970000000000027e+03
1.266920000000000073e+03
1.268859999999999900e+03
1.270799999999999955e+03
1.272750000000000000e+03
1.274690000000000055e+03
1.276619999999999891e+03
1.278559999999999945e+03
1.280500000000000000e+03
1.282440000000000055e+03
1.284369999999999891e+03
1.286299999999999955e+03
1.288240000000000009e+03
1.290170000000000073e+03
1.292099999999999909e+03
1.294029999999999973e+03
1.295950000000000045e+03
1.297880000000000109e+03
1.299799999999999955e+03
1.301730000000000018e+03
1.303650000000000091e+03
1.305569999999999936e+03
1.307490000000000009e+03
1.309410000000000082e+03
1.311329999999999927e+03
1.313250000000000000e+03
1.315170000000000073e+03
1.317079999999999927e+03
1.319000000000000000e+03
1.320910000000000082e+03
1.322819999999999936e+03
1.324730000000000018e+03
1.326640000000000100e+03
1.328549999999999955e+03
1.330460000000000036e+03
1.332359999999999900e+03
1.334269999999999982e+03
1.336170000000000073e+03
1.338069999999999936e+03
1.339980000000000018e+03
1.341880000000000109e+03
1.343779999999999973e+03
1.345680000000000064e+03
1.347569999999999936e+03
1.349470000000000027e+03
1.351359999999999900e+03
1.353259999999999991e+03
1.355150000000000091e+03
1.357039999999999964e+03
1.358930000000000064e+03
1.360819999999999936e+03
1.362710000000000036e+03
1.364599999999999909e+03
1.366480000000000018e+03
1.368369999999999891e+03
1.370250000000000000e+03
1.372140000000000100e+03
1.374019999999999982e+03
1.375900000000000091e+03
1.377779999999999973e+03
1.379660000000000082e+03
1.381529999999999973e+03
1.383410000000000082e+03
1.385279999999999973e+03
1.387160000000000082e+03
1.389029999999999973e+03
1.390900000000000091e+03
1.392769999999999982e+03
1.394640000000000100e+03
1.396509999999999991e+03
1.398380000000000109e+03
1.400250000000000000e+03
1.402109999999999900e+03
1.403970000000000027e+03
1.405839999999999918e+03
1.407700000000000045e+03
1.409559999999999945e+03
1.411420000000000073e+03
1.413279999999999973e+03
1.415140000000000100e+03
1.416990000000000009e+03
1.418849999999999909e+03
1.420700000000000045e+03
1.422559999999999945e+03
1.424410000000000082e+03
1.426259999999999991e+03
1.428109999999999900e+03
1.429960000000000036e+03
1.431809999999999945e+03
1.433650000000000091e+03
1.435500000000000000e+03
1.437339999999999918e+03
1.439190000000000055e+03
1.441029999999999973e+03
1.442869999999999891e+03
1.444710000000000036e+03
1.446549999999999955e+03
1.448390000000000100e+03
1.450230000000000018e+03
1.452059999999999945e+03
1.453900000000000091e+03
1.455730000000000018e+03
1.457559999999999945e+03
1.459400000000000091e+03
1.461230000000000018e+03
1.463059999999999945e+03
1.464880000000000109e+03
1.466710000000000036e+03
1.468539999999999964e+03
1.470359999999999900e+03
1.472190000000000055e+03
1.474009999999999991e+03
1.475829999999999927e+03
1.477660000000000082e+03
1.479480000000000018e+03
1.481289999999999964e+03
1.483109999999999900e+03
1.484930000000000064e+03
1.486740000000000009e+03
1.488559999999999945e+03
1.490369999999999891e+03
1.492190000000000055e+03
1.494000000000000000e+03
1.495809999999999945e+03
1.497619999999999891e+03
1.499430000000000064e+03
1.501230000000000018e+03
1.503039999999999964e+03
1.504849999999999909e+03
1.506650000000000091e+03
1.508450000000000045e+03
1.510250000000000000e+03
1.512059999999999945e+03
1.513859999999999900e+03
1.515660000000000082e+03
1.517450000000000045e+03
1.519250000000000000e+03
1.521049999999999955e+03
1.522839999999999918e+03
1.524630000000000109e+03
1.526430000000000064e+03
1.528220000000000027e+03
1.530009999999999991e+03
1.531799999999999955e+03
1.533589999999999918e+03
1.535380000000000109e+03
1.537160000000000082e+03
1.538950000000000045e+03
1.540730000000000018e+03
1.542519999999999982e+03
1.544299999999999955e+03
1.546079999999999927e+03
1.547859999999999900e+03
1.549640000000000100e+03
1.551420000000000073e+03
1.553190000000000055e+03
1.554970000000000027e+03
1.556750000000000000e+03
1.558519999999999982e+03
1.560289999999999964e+03
1.562069999999999936e+03
1.563839999999999918e+03
1.565609999999999900e+03
1.567380000000000109e+03
1.569140000000000100e+03
1.570910000000000082e+03
1.572680000000000064e+03
1.574440000000000055e+03
1.576210000000000036e+03
1.577970000000000027e+03
1.579730000000000018e+03
1.581490000000000009e+03
1.583250000000000000e+03
1.585009999999999991e+03
1.586769999999999982e+03
1.588519999999999982e+03
1.590279999999999973e+03
1.592039999999999964e+03
1.593789999999999964e+03
1.595539999999999964e+03
1.597289999999999964e+03
1.599039999999999964e+03
1.600789999999999964e+03
1.602539999999999964e+03
1.604289999999999964e+03
1.606039999999999964e+03
1.607779999999999973e+03
1.609529999999999973e+03
1.611269999999999982e+03
1.613009999999999991e+03
1.614759999999999991e+03
1.616500000000000000e+03
1.618240000000000009e+03
1.619970000000000027e+03
1.621710000000000036e+03
1.623450000000000045e+03
1.625180000000000064e+03
1.626920000000000073e+03
1.628650000000000091e+03
1.630390000000000100e+03
1.632119999999999891e+03
1.633849999999999909e+03
1.635579999999999927e+03
1.637309999999999945e+03
1.639029999999999973e+03
1.640759999999999991e+03
1.642490000000000009e+03
1.644210000000000036e+03
1.645940000000000055e+03
1.647660000000000082e+03
1.649380000000000109e+03
1.651099999999999909e+03
1.652819999999999936e+03
1.654539999999999964e+03
1.656259999999999991e+03
1.657970000000000027e+03
1.659690000000000055e+03
1.661400000000000091e+03
1.663119999999999891e+03
1.664829999999999927e+03
1.666539999999999964e+03
1.668250000000000000e+03
1.669960000000000036e+03
1.671670000000000073e+03
1.673380000000000109e+03
1.675089999999999918e+03
1.676789999999999964e+03
1.678500000000000000e+03
1.680200000000000045e+03
1.681910000000000082e+03
1.683609999999999900e+03
1.685309999999999945e+03
1.687009999999999991e+03
1.688710000000000036e+03
1.690410000000000082e+03
1.692099999999999909e+03
1.693799999999999955e+03
1.695490000000000009e+03
1.697190000000000055e+03
1.698880000000000109e+03
1.700569999999999936e+03
1.702269999999999982e+03
1.703960000000000036e+03
1.705650000000000091e+03
1.707329999999999927e+03
1.709019999999999982e+03
1.710710000000000036e+03
1.712390000000000100e+03
1.714079999999999927e+03
1.715759999999999991e+03
1.717440000000000055e+03
1.719130000000000109e+03
1.720809999999999945e+03
1.722490000000000009e+03
1.724170000000000073e+03
1.725839999999999918e+03
1.727519999999999982e+03
1.729200000000000045e+03
1.730869999999999891e+03
1.732549999999999955e+03
1.734220000000000027e+03
1.735890000000000100e+03
1.737559999999999945e+03
1.739230000000000018e+03
1.740900000000000091e+03
1.742569999999999936e+03
1.744240000000000009e+03
1.745900000000000091e+03
1.747569999999999936e+03
1.749230000000000018e+03
1.750900000000000091e+03
1.752559999999999945e+03
1.754220000000000027e+03
1.755880000000000109e+03
1.757539999999999964e+03
1.759200000000000045e+03
1.760859999999999900e+03
1.762509999999999991e+03
1.764170000000000073e+03
1.765829999999999927e+03
1.767480000000000018e+03
1.769130000000000109e+03
1.770789999999999964e+03
1.772440000000000055e+03
1.774089999999999918e+03
1.775740000000000009e+03
1.777380000000000109e+03
1.779029999999999973e+03
1.780680000000000064e+03
1.782319999999999936e+03
1.783970000000000027e+03
1.785609999999999900e+03
1.787259999999999991e+03
1.788900000000000091e+03
1.790539999999999964e+03
1.792180000000000064e+03
1.793819999999999936e+03
1.795460000000000036e+03
1.797089999999999918e+03
1.798730000000000018e+03
1.800359999999999900e+03
1.802000000000000000e+03
1.803630000000000109e+03
1.805259999999999991e+03
1.806900000000000091e+03
1.808529999999999973e+03
1.810160000000000082e+03
1.811789999999999964e+03
1.813410000000000082e+03
1.815039999999999964e+03
1.816670000000000073e+03
1.818289999999999964e+03
1.819920000000000073e+03
1.821539999999999964e+03
1.823160000000000082e+03
1.824779999999999973e+03
1.826400000000000091e+03
1.828019999999999982e+03
1.829640000000000100e+03
1.831259999999999991e+03
1.832880000000000109e+03
1.834490000000000009e+03
1.836109999999999900e+03
1.837720000000000027e+03
1.839329999999999927e+03
1.840950000000000045e+03
1.842559999999999945e+03
1.844170000000000073e+03
1.845779999999999973e+03
1.847390000000000100e+03
1.848990000000000009e+03
1.850599999999999909e+03
1.852210000000000036e+03
1.853809999999999945e+03
1.855410000000000082e+03
1.857019999999999982e+03
1.858619999999999891e+03
1.860220000000000027e+03
1.861819999999999936e+03
1.863420000000000073e+03
1.865019999999999982e+03
1.866619999999999891e+03
1.868210000000000036e+03
1.869809999999999945e+03
1.871410000000000082e+03
1.873000000000000000e+03
1.874589999999999918e+03
1.876180000000000064e+03
1.877779999999999973e+03
1.879369999999999891e+03
1.880960000000000036e+03
1.882539999999999964e+03
1.884130000000000109e+03
1.885720000000000027e+03
1.887309999999999945e+03
1.888890000000000100e+03
1.890470000000000027e+03
1.892059999999999945e+03
1.893640000000000100e+03
1.895220000000000027e+03
1.896799999999999955e+03
1.898380000000000109e+03
1.899960000000000036e+03
1.901539999999999964e+03
1.903119999999999891e+03
1.904690000000000055e+03
1.906269999999999982e+03
1.907839999999999918e+03
1.909410000000000082e+03
1.910990000000000009e+03
1.912559999999999945e+03
1.914130000000000109e+03
1.915700000000000045e+03
1.917269999999999982e+03
1.918839999999999918e+03
1.920400000000000091e+03
1.921970000000000027e+03
1.923539999999999964e+03
1.925099999999999909e+03
1.926660000000000082e+03
1.928230000000000018e+03
1.929789999999999964e+03
1.931349999999999909e+03
1.932910000000000082e+03
1.934470000000000027e+03
1.936029999999999973e+03
1.937579999999999927e+03
1.939140000000000100e+03
1.940700000000000045e+03
1.942250000000000000e+03
1.943809999999999945e+03
1.945359999999999900e+03
1.946910000000000082e+03
1.948460000000000036e+03
1.950009999999999991e+03
1.951559999999999945e+03
1.953109999999999900e+03
1.954660000000000082e+03
1.956210000000000036e+03
1.957750000000000000e+03
1.959299999999999955e+03
1.960839999999999918e+03
1.962390000000000100e+03
1.963930000000000064e+03
1.965470000000000027e+03
1.967009999999999991e+03
1.968549999999999955e+03
1.970089999999999918e+03
1.971630000000000109e+03
1.973170000000000073e+03
1.974700000000000045e+03
1.976240000000000009e+03
1.977769999999999982e+03
1.979309999999999945e+03
1.980839999999999918e+03
1.982369999999999891e+03
1.983900000000000091e+03
1.985430000000000064e+03
1.986960000000000036e+03
1.988490000000000009e+03
1.990019999999999982e+03
1.991549999999999955e+03
1.993069999999999936e+03
1.994599999999999909e+03
1.996119999999999891e+03
1.997650000000000091e+03
1.999170000000000073e+03
